P25299	Compositional bias@_group0	[104, 105, 106, 107, 108, 109]	6	[20, 21, 22, 23, 24, 25, 26, 27, 28, 29, 41, 42, 43, 52, 82, 83, 84, 85, 86, 87, 88, 89, 90, 91, 92, 93, 114, 116, 117, 118, 119, 120, 121, 122, 123, 124, 141, 142, 143, 144, 145, 146, 147, 148, 149, 150, 151, 152, 170, 171, 172, 173, 174, 175, 179, 181, 182, 183, 184, 185, 186, 187, 188, 189, 190, 191, 192, 210, 211, 212, 213, 214, 215, 216, 218, 239, 240, 241, 242, 268, 269, 270, 271, 272, 298, 299, 300, 330, 331, 335, 336, 337]	138_228_2l9b.1.A_5cd580881a200bfa2d1405da.pdb
P25299	Compositional bias@_group1	[111, 112, 113, 114, 115, 116, 117, 118, 119, 120, 121, 122, 123, 124, 125, 126, 127, 128]	18	[20, 21, 22, 23, 24, 25, 26, 27, 28, 29, 41, 42, 43, 52, 82, 83, 84, 85, 86, 87, 88, 89, 90, 91, 92, 93, 114, 116, 117, 118, 119, 120, 121, 122, 123, 124, 141, 142, 143, 144, 145, 146, 147, 148, 149, 150, 151, 152, 170, 171, 172, 173, 174, 175, 179, 181, 182, 183, 184, 185, 186, 187, 188, 189, 190, 191, 192, 210, 211, 212, 213, 214, 215, 216, 218, 239, 240, 241, 242, 268, 269, 270, 271, 272, 298, 299, 300, 330, 331, 335, 336, 337]	138_228_2l9b.1.A_5cd580881a200bfa2d1405da.pdb
P25299	Domain [FT]@_group2	[18, 19, 20, 21, 22, 23, 24, 25, 26, 27, 28, 29, 30, 31, 32, 33, 34, 35, 36, 37, 38, 39, 40, 41, 42, 43, 44, 45, 46, 47, 48, 49, 50, 51, 52, 53, 54, 55, 56, 57, 58, 59, 60, 61, 62, 63, 64, 65, 66, 67, 68, 69, 70, 71, 72, 73, 74, 75, 76, 77, 78, 79, 80, 81, 82, 83, 84, 85, 86, 87, 88, 89, 90, 91, 92, 93, 94, 95, 96]	79	[20, 21, 22, 23, 24, 25, 26, 27, 28, 29, 41, 42, 43, 52, 82, 83, 84, 85, 86, 87, 88, 89, 90, 91, 92, 93, 114, 116, 117, 118, 119, 120, 121, 122, 123, 124, 141, 142, 143, 144, 145, 146, 147, 148, 149, 150, 151, 152, 170, 171, 172, 173, 174, 175, 179, 181, 182, 183, 184, 185, 186, 187, 188, 189, 190, 191, 192, 210, 211, 212, 213, 214, 215, 216, 218, 239, 240, 241, 242, 268, 269, 270, 271, 272, 298, 299, 300, 330, 331, 335, 336, 337]	138_228_2l9b.1.A_5cd580881a200bfa2d1405da.pdb
P25299	Beta strand@_group3	[18, 19, 20, 21, 22, 23, 24]	7	[20, 21, 22, 23, 24, 25, 26, 27, 28, 29, 41, 42, 43, 52, 82, 83, 84, 85, 86, 87, 88, 89, 90, 91, 92, 93, 114, 116, 117, 118, 119, 120, 121, 122, 123, 124, 141, 142, 143, 144, 145, 146, 147, 148, 149, 150, 151, 152, 170, 171, 172, 173, 174, 175, 179, 181, 182, 183, 184, 185, 186, 187, 188, 189, 190, 191, 192, 210, 211, 212, 213, 214, 215, 216, 218, 239, 240, 241, 242, 268, 269, 270, 271, 272, 298, 299, 300, 330, 331, 335, 336, 337]	138_228_2l9b.1.A_5cd580881a200bfa2d1405da.pdb
P25299	Beta strand@_group4	[44, 45, 46, 47, 48]	5	[20, 21, 22, 23, 24, 25, 26, 27, 28, 29, 41, 42, 43, 52, 82, 83, 84, 85, 86, 87, 88, 89, 90, 91, 92, 93, 114, 116, 117, 118, 119, 120, 121, 122, 123, 124, 141, 142, 143, 144, 145, 146, 147, 148, 149, 150, 151, 152, 170, 171, 172, 173, 174, 175, 179, 181, 182, 183, 184, 185, 186, 187, 188, 189, 190, 191, 192, 210, 211, 212, 213, 214, 215, 216, 218, 239, 240, 241, 242, 268, 269, 270, 271, 272, 298, 299, 300, 330, 331, 335, 336, 337]	138_228_2l9b.1.A_5cd580881a200bfa2d1405da.pdb
P25299	Beta strand@_group5	[60, 61, 62, 63, 64, 65, 66, 67, 68]	9	[20, 21, 22, 23, 24, 25, 26, 27, 28, 29, 41, 42, 43, 52, 82, 83, 84, 85, 86, 87, 88, 89, 90, 91, 92, 93, 114, 116, 117, 118, 119, 120, 121, 122, 123, 124, 141, 142, 143, 144, 145, 146, 147, 148, 149, 150, 151, 152, 170, 171, 172, 173, 174, 175, 179, 181, 182, 183, 184, 185, 186, 187, 188, 189, 190, 191, 192, 210, 211, 212, 213, 214, 215, 216, 218, 239, 240, 241, 242, 268, 269, 270, 271, 272, 298, 299, 300, 330, 331, 335, 336, 337]	138_228_2l9b.1.A_5cd580881a200bfa2d1405da.pdb
P25299	Beta strand@_group6	[85, 86, 87]	3	[20, 21, 22, 23, 24, 25, 26, 27, 28, 29, 41, 42, 43, 52, 82, 83, 84, 85, 86, 87, 88, 89, 90, 91, 92, 93, 114, 116, 117, 118, 119, 120, 121, 122, 123, 124, 141, 142, 143, 144, 145, 146, 147, 148, 149, 150, 151, 152, 170, 171, 172, 173, 174, 175, 179, 181, 182, 183, 184, 185, 186, 187, 188, 189, 190, 191, 192, 210, 211, 212, 213, 214, 215, 216, 218, 239, 240, 241, 242, 268, 269, 270, 271, 272, 298, 299, 300, 330, 331, 335, 336, 337]	138_228_2l9b.1.A_5cd580881a200bfa2d1405da.pdb
P25299	Beta strand@_group7	[90, 91, 92, 93]	4	[20, 21, 22, 23, 24, 25, 26, 27, 28, 29, 41, 42, 43, 52, 82, 83, 84, 85, 86, 87, 88, 89, 90, 91, 92, 93, 114, 116, 117, 118, 119, 120, 121, 122, 123, 124, 141, 142, 143, 144, 145, 146, 147, 148, 149, 150, 151, 152, 170, 171, 172, 173, 174, 175, 179, 181, 182, 183, 184, 185, 186, 187, 188, 189, 190, 191, 192, 210, 211, 212, 213, 214, 215, 216, 218, 239, 240, 241, 242, 268, 269, 270, 271, 272, 298, 299, 300, 330, 331, 335, 336, 337]	138_228_2l9b.1.A_5cd580881a200bfa2d1405da.pdb
P25299	Beta strand@_group8	[217, 218, 219]	3	[213, 216, 217, 218, 219, 220]	138_228_2l9b.1.A_5cd580881a200bfa2d1405da.pdb
P25299	Helix@_group9	[31, 32, 33, 34, 35, 36, 37, 38, 39]	9	[213, 216, 217, 218, 219, 220]	138_228_2l9b.1.A_5cd580881a200bfa2d1405da.pdb
P25299	Helix@_group10	[69, 70, 71, 72, 73, 74, 75, 76, 77, 78, 79]	11	[213, 216, 217, 218, 219, 220]	138_228_2l9b.1.A_5cd580881a200bfa2d1405da.pdb
P25299	Helix@_group11	[99, 100, 101]	3	[213, 216, 217, 218, 219, 220]	138_228_2l9b.1.A_5cd580881a200bfa2d1405da.pdb
P25299	Helix@_group12	[102, 103, 104, 105, 106]	5	[213, 216, 217, 218, 219, 220]	138_228_2l9b.1.A_5cd580881a200bfa2d1405da.pdb
P25299	Helix@_group13	[139, 140, 141, 142, 143]	5	[138, 139, 140, 141, 142, 143, 144, 145, 146]	138_228_2l9b.1.A_5cd580881a200bfa2d1405da.pdb
P25299	Helix@_group14	[161, 162, 163, 164, 165, 166, 167, 168, 169, 170]	10	[160, 161, 162, 163, 164, 165, 166, 167, 168, 169, 170, 171]	138_228_2l9b.1.A_5cd580881a200bfa2d1405da.pdb
P25299	Helix@_group15	[174, 175, 176, 177, 178, 179, 180, 181, 182, 183, 184, 185, 186, 187, 188, 189, 190]	17	[173, 174, 175, 176, 177, 178, 179, 180, 181, 182, 183, 184, 185, 186, 187, 188, 189, 190, 191]	138_228_2l9b.1.A_5cd580881a200bfa2d1405da.pdb
P25299	Helix@_group16	[192, 193, 194, 195, 196, 197, 198, 199, 200, 201]	10	[191, 192, 193, 194, 195, 196, 197, 198, 199, 200, 201, 202]	138_228_2l9b.1.A_5cd580881a200bfa2d1405da.pdb
P25299	Helix@_group17	[203, 204, 205, 206, 207, 208, 209, 210, 211, 212, 213, 214, 215, 216]	14	[202, 203, 204, 205, 206, 207, 208, 209, 210, 211, 212, 213, 214, 215, 216, 217, 218]	138_228_2l9b.1.A_5cd580881a200bfa2d1405da.pdb
P25299	Helix@_group18	[221, 222, 223, 224]	4	[220, 221, 222, 223, 224, 225]	138_228_2l9b.1.A_5cd580881a200bfa2d1405da.pdb
P25299	Turn@_group19	[53, 54, 55]	3	[220, 221, 222, 223, 224, 225]	138_228_2l9b.1.A_5cd580881a200bfa2d1405da.pdb
P25299	Turn@_group20	[156, 157, 158]	3	[155, 156, 157, 158, 159]	138_228_2l9b.1.A_5cd580881a200bfa2d1405da.pdb
P25299	Turn@_group21	[225, 226, 227]	3	[224, 225, 226, 227, 228]	138_228_2l9b.1.A_5cd580881a200bfa2d1405da.pdb
P25299	P25299+P32499_interface@_group22	[21, 27, 28, 30, 31, 32, 33, 35, 36, 39, 40, 41, 43, 45, 46, 48, 50, 51, 52, 53, 54, 55, 56, 57, 59, 61, 67, 68, 69, 70, 73, 74, 76, 77, 78, 80, 81, 82, 83, 85, 86, 87, 88, 90, 92, 93, 95, 96, 97, 189]	50	[188, 189, 190]	138_228_2l9b.1.A_5cd580881a200bfa2d1405da.pdb
P25299	P25299+P33751_interface@_group23	[21, 27, 28, 30, 31, 32, 33, 35, 36, 39, 40, 41, 43, 45, 46, 48, 50, 51, 52, 53, 54, 55, 56, 57, 59, 61, 67, 68, 69, 70, 73, 74, 76, 77, 78, 80, 81, 82, 83, 85, 86, 87, 88, 90, 92, 93, 95, 96, 97, 189]	50	[188, 189, 190]	138_228_2l9b.1.A_5cd580881a200bfa2d1405da.pdb
P25299	P25299+P38962_interface@_group24	[21, 27, 28, 30, 31, 32, 33, 35, 36, 39, 40, 41, 43, 45, 48, 50, 51, 52, 53, 54, 55, 56, 57, 59, 61, 67, 68, 69, 70, 73, 74, 76, 77, 78, 80, 81, 82, 83, 85, 86, 87, 88, 90, 92, 93, 211]	46	[210, 211, 212, 214]	138_228_2l9b.1.A_5cd580881a200bfa2d1405da.pdb
P25299	P25299+P39081_interface@_group25	[21, 27, 28, 30, 31, 32, 33, 35, 36, 39, 40, 41, 43, 45, 46, 48, 50, 51, 52, 53, 54, 55, 56, 57, 59, 61, 67, 68, 69, 70, 73, 74, 76, 77, 78, 80, 81, 82, 83, 85, 86, 87, 88, 90, 92, 93, 95, 96, 97, 189]	50	[188, 189, 190]	138_228_2l9b.1.A_5cd580881a200bfa2d1405da.pdb
P25299	P25299+P40087_interface@_group26	[21, 27, 28, 30, 31, 32, 33, 35, 36, 39, 40, 41, 43, 45, 48, 50, 51, 52, 53, 54, 55, 56, 57, 59, 61, 67, 68, 69, 70, 73, 74, 76, 77, 78, 80, 81, 82, 83, 85, 86, 87, 88, 90, 93, 204]	45	[203, 204, 205]	138_228_2l9b.1.A_5cd580881a200bfa2d1405da.pdb
P25299	P25299+P41910_interface@_group27	[21, 27, 28, 30, 31, 32, 33, 35, 36, 39, 40, 41, 43, 45, 46, 48, 50, 51, 52, 53, 54, 55, 56, 57, 59, 61, 67, 68, 69, 70, 73, 74, 76, 77, 78, 80, 81, 82, 83, 85, 86, 87, 88, 90, 92, 93, 95, 96, 97, 189]	50	[188, 189, 190]	138_228_2l9b.1.A_5cd580881a200bfa2d1405da.pdb
P25299	P25299+P47150_interface@_group28	[21, 27, 28, 30, 31, 32, 33, 35, 36, 39, 43, 45, 48, 50, 51, 52, 53, 54, 55, 56, 57, 59, 61, 68, 69, 70, 73, 74, 76, 77, 78, 80, 81, 82, 83, 85, 86, 87, 88, 90, 92, 93]	42	[188, 189, 190]	138_228_2l9b.1.A_5cd580881a200bfa2d1405da.pdb
P25299	P25299+P53203_interface@_group29	[21, 27, 28, 30, 31, 32, 33, 35, 36, 40, 41, 43, 45, 48, 50, 51, 52, 53, 54, 55, 56, 57, 59, 61, 67, 69, 70, 73, 74, 76, 77, 78, 80, 81, 82, 83, 85, 86, 87, 88, 90, 92, 93]	43	[188, 189, 190]	138_228_2l9b.1.A_5cd580881a200bfa2d1405da.pdb
P25299	P25299+P53437_interface@_group30	[21, 27, 28, 30, 31, 32, 33, 35, 36, 39, 40, 41, 43, 45, 46, 48, 50, 51, 52, 53, 54, 55, 56, 57, 59, 61, 67, 68, 69, 70, 73, 74, 76, 77, 78, 80, 81, 82, 83, 85, 86, 87, 88, 90, 92, 93, 95, 96, 97, 189]	50	[188, 189, 190]	138_228_2l9b.1.A_5cd580881a200bfa2d1405da.pdb
P25299	P25299+P53633_interface@_group31	[21, 24, 27, 28, 30, 31, 32, 33, 35, 36, 39, 40, 41, 43, 45, 46, 48, 50, 51, 52, 53, 54, 55, 56, 57, 59, 61, 67, 68, 69, 70, 73, 74, 76, 77, 78, 80, 81, 82, 83, 85, 86, 87, 88, 90, 92, 93, 204, 211]	49	[203, 204, 205, 210, 211, 212, 214]	138_228_2l9b.1.A_5cd580881a200bfa2d1405da.pdb
P25299	P25299+P53897_interface@_group32	[21, 27, 28, 30, 31, 32, 33, 35, 36, 39, 40, 41, 43, 45, 46, 48, 50, 51, 52, 53, 54, 55, 56, 57, 59, 61, 67, 68, 69, 70, 73, 74, 76, 77, 78, 80, 81, 82, 83, 85, 86, 87, 88, 90, 92, 93, 95, 96, 97, 189]	50	[188, 189, 190]	138_228_2l9b.1.A_5cd580881a200bfa2d1405da.pdb
P25299	P25299+P53979_interface@_group33	[21, 27, 28, 30, 31, 32, 33, 35, 36, 39, 40, 41, 43, 45, 46, 48, 50, 51, 52, 53, 54, 55, 56, 57, 59, 61, 67, 68, 69, 70, 73, 74, 76, 77, 78, 80, 81, 82, 83, 85, 86, 87, 88, 90, 92, 93, 95, 96, 97, 189]	50	[188, 189, 190]	138_228_2l9b.1.A_5cd580881a200bfa2d1405da.pdb
P25299	P25299+Q03790_interface@_group34	[21, 27, 28, 30, 31, 32, 33, 35, 36, 39, 40, 41, 43, 45, 46, 48, 50, 51, 52, 53, 54, 55, 56, 57, 59, 61, 67, 68, 69, 70, 73, 74, 76, 77, 78, 80, 81, 82, 83, 85, 86, 87, 88, 90, 92, 93, 95, 96, 97, 189]	50	[188, 189, 190]	138_228_2l9b.1.A_5cd580881a200bfa2d1405da.pdb
P25299	P25299+Q03835_interface@_group35	[21, 27, 28, 30, 31, 32, 33, 35, 36, 41, 43, 45, 48, 50, 51, 52, 53, 54, 55, 56, 57, 59, 61, 67, 68, 69, 70, 73, 74, 76, 77, 78, 80, 81, 82, 83, 85, 86, 87, 88, 90, 92, 93]	43	[188, 189, 190]	138_228_2l9b.1.A_5cd580881a200bfa2d1405da.pdb
P25299	P25299+Q04004_interface@_group36	[21, 27, 28, 30, 31, 32, 33, 36, 39, 40, 41, 43, 45, 48, 50, 51, 52, 53, 54, 55, 56, 57, 59, 61, 67, 68, 69, 70, 73, 74, 76, 77, 78, 80, 81, 82, 83, 85, 86, 87, 88, 90, 93, 95, 204]	45	[203, 204, 205]	138_228_2l9b.1.A_5cd580881a200bfa2d1405da.pdb
P25299	P25299+Q07629_interface@_group37	[21, 27, 28, 30, 31, 32, 33, 35, 36, 39, 40, 41, 43, 45, 46, 48, 50, 51, 52, 53, 54, 55, 56, 57, 59, 61, 67, 68, 69, 70, 73, 74, 76, 77, 78, 80, 81, 82, 83, 85, 86, 87, 88, 90, 92, 93, 95, 96, 97, 189]	50	[188, 189, 190]	138_228_2l9b.1.A_5cd580881a200bfa2d1405da.pdb
P25299	P25299+Q12248_interface@_group38	[21, 24, 27, 28, 30, 31, 32, 33, 35, 36, 39, 40, 43, 45, 48, 50, 51, 52, 53, 54, 55, 56, 57, 59, 61, 67, 68, 69, 70, 73, 74, 76, 77, 78, 80, 81, 82, 83, 85, 86, 87, 88, 90, 92, 93, 204]	46	[203, 204, 205]	138_228_2l9b.1.A_5cd580881a200bfa2d1405da.pdb
P25299	P25299+Q99383_interface@_group39	[14, 24, 54, 87, 93]	5	[203, 204, 205]	138_228_2l9b.1.A_5cd580881a200bfa2d1405da.pdb
P25299	P25298+P25299_interface@_group40	[144, 145, 147, 148, 149, 150, 151, 152, 153, 154, 156, 161, 162, 164, 165, 168, 172, 174, 176, 178, 179, 180, 182, 183, 185, 187, 188, 189, 191, 192, 193, 196, 197, 199, 200, 201, 203, 204, 206, 207, 208, 209, 213, 216, 218, 219, 223, 225, 226, 227, 228]	51	[141, 143, 144, 145, 146, 147, 148, 149, 150, 151, 152, 153, 154, 155, 156, 157, 160, 161, 162, 163, 164, 165, 166, 167, 168, 169, 171, 172, 173, 174, 175, 176, 177, 178, 179, 180, 181, 182, 183, 184, 185, 186, 187, 188, 189, 190, 191, 192, 193, 194, 195, 196, 197, 198, 199, 200, 201, 202, 203, 204, 205, 206, 207, 208, 209, 210, 212, 213, 214, 215, 216, 217, 218, 219, 220, 222, 223, 224, 225, 226, 227, 228]	138_228_2l9b.1.A_5cd580881a200bfa2d1405da.pdb
