Q12309	Repeat@_group0	[45, 46, 47, 48, 49, 50, 51, 52, 53, 54, 55, 56, 57, 58, 59, 60, 61, 62, 63, 64, 65, 66, 67, 68, 69, 70, 71, 72, 73, 74, 75, 76, 77]	33	[44, 45, 46, 47, 48, 49, 50, 51, 52, 53, 54, 55, 56, 57, 58, 59, 60, 61, 62, 63, 64, 65, 66, 67, 68, 69, 70, 71, 72, 73, 74, 75, 76, 77, 78, 84]	36_641_5y88.1.I_5cd81ad48fd6f99daff4ac8d.pdb
Q12309	Repeat@_group1	[79, 80, 81, 82, 83, 84, 85, 86, 87, 88, 89, 90, 91, 92, 93, 94, 95, 96, 97, 98, 99, 100, 101, 102, 103, 104, 105, 106, 107, 108, 109, 110, 111]	33	[72, 78, 79, 80, 81, 82, 83, 84, 85, 86, 87, 88, 89, 90, 91, 92, 93, 94, 95, 96, 97, 98, 99, 100, 101, 102, 103, 104, 105, 106, 107, 108, 109, 110, 111, 112, 113]	36_641_5y88.1.I_5cd81ad48fd6f99daff4ac8d.pdb
Q12309	Repeat@_group2	[113, 114, 115, 116, 117, 118, 119, 120, 121, 122, 123, 124, 125, 126, 127, 128, 129, 130, 131, 132, 133, 134, 135, 136, 137, 138, 139, 140, 141, 142, 143, 144, 145]	33	[110, 112, 113, 114, 115, 116, 117, 118, 119, 120, 121, 122, 123, 124, 125, 126, 127, 128, 129, 130, 131, 132, 133, 134, 135, 136, 137, 138, 139, 140, 141, 142, 143, 144, 145, 146, 147]	36_641_5y88.1.I_5cd81ad48fd6f99daff4ac8d.pdb
Q12309	Repeat@_group3	[147, 148, 149, 150, 151, 152, 153, 154, 155, 156, 157, 158, 159, 160, 161, 162, 163, 164, 165, 166, 167, 168, 169, 170, 171, 172, 173, 174, 175, 176, 177, 178]	32	[144, 146, 147, 148, 149, 150, 151, 152, 153, 154, 155, 156, 157, 158, 159, 160, 161, 162, 163, 164, 165, 166, 167, 168, 169, 170, 171, 172, 173, 174, 175, 176, 177, 178, 179]	36_641_5y88.1.I_5cd81ad48fd6f99daff4ac8d.pdb
Q12309	Repeat@_group4	[180, 181, 182, 183, 184, 185, 186, 187, 188, 189, 190, 191, 192, 193, 194, 195, 196, 197, 198, 199, 200, 201, 202, 203, 204, 205, 206, 207, 208, 209, 210, 211]	32	[179, 180, 181, 182, 183, 184, 185, 186, 187, 188, 189, 190, 191, 192, 193, 194, 195, 196, 197, 198, 199, 200, 201, 202, 203, 204, 205, 206, 207, 208, 209, 210, 211, 212, 213]	36_641_5y88.1.I_5cd81ad48fd6f99daff4ac8d.pdb
Q12309	Repeat@_group5	[213, 214, 215, 216, 217, 218, 219, 220, 221, 222, 223, 224, 225, 226, 227, 228, 229, 230, 231, 232, 233, 234, 235, 236, 237, 238, 239, 240, 241, 242, 243, 244, 245, 246, 247]	35	[210, 212, 213, 214, 215, 216, 217, 218, 219, 220, 221, 222, 223, 224, 225, 226, 227, 228, 229, 230, 231, 232, 233, 234, 235, 236, 237, 238, 239, 240, 241, 242, 243, 244, 245, 246, 247, 248]	36_641_5y88.1.I_5cd81ad48fd6f99daff4ac8d.pdb
Q12309	Repeat@_group6	[251, 252, 253, 254, 255, 256, 257, 258, 259, 260, 261, 262, 263, 264, 265, 266, 267, 268, 269, 270, 271, 272, 273, 274, 275, 276, 277, 278, 279, 280, 281, 282, 283]	33	[250, 251, 252, 253, 254, 255, 256, 257, 258, 259, 260, 261, 262, 263, 264, 265, 266, 267, 268, 269, 270, 271, 272, 273, 274, 275, 276, 277, 278, 279, 280, 281, 282, 283, 284]	36_641_5y88.1.I_5cd81ad48fd6f99daff4ac8d.pdb
Q12309	Repeat@_group7	[300, 301, 302, 303, 304, 305, 306, 307, 308, 309, 310, 311, 312, 313, 314, 315, 316, 317, 318, 319, 320, 321, 322, 323, 324, 325, 326, 327, 328, 329, 330, 331, 332]	33	[297, 299, 300, 301, 302, 303, 304, 305, 306, 307, 308, 309, 310, 311, 312, 313, 314, 315, 316, 317, 318, 319, 320, 321, 322, 323, 324, 325, 326, 327, 328, 329, 330, 331, 332, 333]	36_641_5y88.1.I_5cd81ad48fd6f99daff4ac8d.pdb
Q12309	Repeat@_group8	[337, 338, 339, 340, 341, 342, 343, 344, 345, 346, 347, 348, 349, 350, 351, 352, 353, 354, 355, 356, 357, 358, 359, 360, 361, 362, 363, 364, 365, 366, 367, 368, 369]	33	[335, 336, 337, 338, 339, 340, 341, 342, 343, 344, 345, 346, 347, 348, 349, 350, 351, 352, 353, 354, 355, 356, 357, 358, 359, 360, 361, 362, 363, 364, 365, 366, 367, 368, 369, 370, 372]	36_641_5y88.1.I_5cd81ad48fd6f99daff4ac8d.pdb
Q12309	Repeat@_group9	[383, 384, 385, 386, 387, 388, 389, 390, 391, 392, 393, 394, 395, 396, 397, 398, 399, 400, 401, 402, 403, 404, 405, 406, 407, 408, 409, 410, 411, 412, 413, 414, 415, 416]	34	[382, 383, 384, 385, 386, 387, 388, 389, 390, 391, 392, 393, 394, 395, 396, 397, 398, 399, 400, 401, 402, 403, 404, 405, 406, 407, 408, 409, 410, 411, 412, 413, 414, 415, 416, 417, 419]	36_641_5y88.1.I_5cd81ad48fd6f99daff4ac8d.pdb
Q12309	Repeat@_group10	[451, 452, 453, 454, 455, 456, 457, 458, 459, 460, 461, 462, 463, 464, 465, 466, 467, 468, 469, 470, 471, 472, 473, 474, 475, 476, 477, 478, 479, 480, 481, 482, 483]	33	[446, 450, 451, 452, 453, 454, 455, 456, 457, 458, 459, 460, 461, 462, 463, 464, 465, 466, 467, 468, 469, 470, 471, 472, 473, 474, 475, 476, 477, 478, 479, 480, 481, 482, 483, 484, 488, 505]	36_641_5y88.1.I_5cd81ad48fd6f99daff4ac8d.pdb
Q12309	Repeat@_group11	[525, 526, 527, 528, 529, 530, 531, 532, 533, 534, 535, 536, 537, 538, 539, 540, 541, 542, 543, 544, 545, 546, 547, 548, 549, 550, 551, 552, 553, 554, 555, 556, 557]	33	[524, 525, 526, 527, 528, 529, 530, 531, 532, 533, 534, 535, 536, 537, 538, 539, 540, 541, 542, 543, 544, 545, 546, 547, 548, 549, 550, 551, 552, 553, 554, 555, 556, 557, 558, 572, 576]	36_641_5y88.1.I_5cd81ad48fd6f99daff4ac8d.pdb
Q12309	Repeat@_group12	[629, 630, 631, 632, 633, 634, 635, 636, 637, 638, 639, 640, 641, 642, 643, 644, 645, 646, 647, 648, 649, 650, 651, 652, 653, 654, 655, 656, 657, 658, 659, 660, 661]	33	[628, 629, 630, 631, 632, 633, 634, 635, 636, 637, 638, 639, 640, 641]	36_641_5y88.1.I_5cd81ad48fd6f99daff4ac8d.pdb
Q12309	Helix@_group13	[15, 16, 17, 18, 19, 20, 21, 22, 23, 24, 25, 26, 27]	13	[628, 629, 630, 631, 632, 633, 634, 635, 636, 637, 638, 639, 640, 641]	36_641_5y88.1.I_5cd81ad48fd6f99daff4ac8d.pdb
Q12309	Helix@_group14	[40, 41, 42, 43, 44, 45, 46, 47, 48, 49, 50, 51, 52, 53, 54, 55, 56, 57, 58, 59, 60]	21	[39, 40, 41, 42, 43, 44, 45, 46, 47, 48, 49, 50, 51, 52, 53, 54, 55, 56, 57, 58, 59, 60, 61]	36_641_5y88.1.I_5cd81ad48fd6f99daff4ac8d.pdb
Q12309	Helix@_group15	[65, 66, 67, 68, 69, 70, 71, 72, 73, 74, 75, 76, 77]	13	[64, 65, 66, 67, 68, 69, 70, 71, 72, 73, 74, 75, 76, 77, 78, 84]	36_641_5y88.1.I_5cd81ad48fd6f99daff4ac8d.pdb
Q12309	Helix@_group16	[81, 82, 83, 84, 85, 86, 87, 88, 89, 90, 91, 92, 93, 94]	14	[72, 80, 81, 82, 83, 84, 85, 86, 87, 88, 89, 90, 91, 92, 93, 94, 95, 96]	36_641_5y88.1.I_5cd81ad48fd6f99daff4ac8d.pdb
Q12309	Helix@_group17	[99, 100, 101, 102, 103, 104, 105, 106, 107, 108, 109, 110]	12	[98, 99, 100, 101, 102, 103, 104, 105, 106, 107, 108, 109, 110, 111, 113]	36_641_5y88.1.I_5cd81ad48fd6f99daff4ac8d.pdb
Q12309	Helix@_group18	[115, 116, 117, 118, 119, 120, 121, 122, 123, 124, 125, 126, 127, 128]	14	[114, 115, 116, 117, 118, 119, 120, 121, 122, 123, 124, 125, 126, 127, 128, 129, 130]	36_641_5y88.1.I_5cd81ad48fd6f99daff4ac8d.pdb
Q12309	Helix@_group19	[133, 134, 135, 136, 137, 138, 139, 140, 141, 142, 143, 144, 145]	13	[132, 133, 134, 135, 136, 137, 138, 139, 140, 141, 142, 143, 144, 145, 146, 147]	36_641_5y88.1.I_5cd81ad48fd6f99daff4ac8d.pdb
Q12309	Helix@_group20	[149, 150, 151, 152, 153, 154, 155, 156, 157, 158, 159, 160, 161]	13	[148, 149, 150, 151, 152, 153, 154, 155, 156, 157, 158, 159, 160, 161, 162]	36_641_5y88.1.I_5cd81ad48fd6f99daff4ac8d.pdb
Q12309	Helix@_group21	[166, 167, 168, 169, 170, 171, 172, 173, 174, 175, 176, 177, 178]	13	[165, 166, 167, 168, 169, 170, 171, 172, 173, 174, 175, 176, 177, 178, 179]	36_641_5y88.1.I_5cd81ad48fd6f99daff4ac8d.pdb
Q12309	Helix@_group22	[182, 183, 184, 185, 186, 187, 188, 189, 190, 191, 192, 193, 194, 195]	14	[181, 182, 183, 184, 185, 186, 187, 188, 189, 190, 191, 192, 193, 194, 195, 196]	36_641_5y88.1.I_5cd81ad48fd6f99daff4ac8d.pdb
Q12309	Helix@_group23	[199, 200, 201, 202, 203, 204, 205, 206, 207, 208, 209, 210, 211, 212]	14	[198, 199, 200, 201, 202, 203, 204, 205, 206, 207, 208, 209, 210, 211, 212, 213]	36_641_5y88.1.I_5cd81ad48fd6f99daff4ac8d.pdb
Q12309	Helix@_group24	[215, 216, 217, 218, 219, 220, 221, 222, 223, 224, 225, 226, 227, 228, 229, 230, 231]	17	[214, 215, 216, 217, 218, 219, 220, 221, 222, 223, 224, 225, 226, 227, 228, 229, 230, 231, 232, 233]	36_641_5y88.1.I_5cd81ad48fd6f99daff4ac8d.pdb
Q12309	Helix@_group25	[232, 233, 234]	3	[230, 231, 232, 233, 234, 235]	36_641_5y88.1.I_5cd81ad48fd6f99daff4ac8d.pdb
Q12309	Helix@_group26	[240, 241, 242, 243, 244, 245, 246, 247, 248, 249, 250, 251, 252, 253, 254, 255, 256]	17	[239, 240, 241, 242, 243, 244, 245, 246, 247, 248, 249, 250, 251, 252, 253, 254, 255, 256, 257, 258, 263]	36_641_5y88.1.I_5cd81ad48fd6f99daff4ac8d.pdb
Q12309	Helix@_group27	[260, 261, 262, 263, 264, 265, 266, 267, 268, 269, 270, 271, 272, 273]	14	[251, 259, 260, 261, 262, 263, 264, 265, 266, 267, 268, 269, 270, 271, 272, 273, 274]	36_641_5y88.1.I_5cd81ad48fd6f99daff4ac8d.pdb
Q12309	Helix@_group28	[278, 279, 280, 281, 282, 283, 284, 285, 286, 287, 288, 289, 290]	13	[277, 278, 279, 280, 281, 282, 283, 284, 285, 286, 287, 288, 289, 290, 291]	36_641_5y88.1.I_5cd81ad48fd6f99daff4ac8d.pdb
Q12309	Helix@_group29	[296, 297, 298, 299, 300, 301, 302, 303, 304, 305, 306, 307, 308, 309, 310, 311, 312, 313, 314]	19	[295, 296, 297, 298, 299, 300, 301, 302, 303, 304, 305, 306, 307, 308, 309, 310, 311, 312, 313, 314, 315]	36_641_5y88.1.I_5cd81ad48fd6f99daff4ac8d.pdb
Q12309	Helix@_group30	[321, 322, 323, 324, 325, 326, 327, 328, 329, 330, 331]	11	[320, 321, 322, 323, 324, 325, 326, 327, 328, 329, 330, 331, 332]	36_641_5y88.1.I_5cd81ad48fd6f99daff4ac8d.pdb
Q12309	Helix@_group31	[335, 336, 337, 338, 339, 340, 341, 342, 343, 344, 345, 346, 347, 348]	14	[334, 335, 336, 337, 338, 339, 340, 341, 342, 343, 344, 345, 346, 347, 348, 349]	36_641_5y88.1.I_5cd81ad48fd6f99daff4ac8d.pdb
Q12309	Helix@_group32	[357, 358, 359, 360, 361, 362, 363, 364, 365, 366, 367, 368, 369, 370, 371, 372, 373, 374, 375]	19	[356, 357, 358, 359, 360, 361, 362, 363, 364, 365, 366, 367, 368, 369, 370, 371, 372, 373, 374, 375, 376]	36_641_5y88.1.I_5cd81ad48fd6f99daff4ac8d.pdb
Q12309	Helix@_group33	[383, 384, 385, 386, 387, 388, 389, 390, 391, 392, 393, 394]	12	[382, 383, 384, 385, 386, 387, 388, 389, 390, 391, 392, 393, 394, 395]	36_641_5y88.1.I_5cd81ad48fd6f99daff4ac8d.pdb
Q12309	Helix@_group34	[404, 405, 406, 407, 408, 409, 410, 411, 412, 413, 414, 415]	12	[403, 404, 405, 406, 407, 408, 409, 410, 411, 412, 413, 414, 415, 416, 417]	36_641_5y88.1.I_5cd81ad48fd6f99daff4ac8d.pdb
Q12309	Helix@_group35	[420, 421, 422, 423, 424, 425, 426, 427, 428, 429]	10	[419, 420, 421, 422, 423, 424, 425, 426, 427, 428, 429, 430, 432]	36_641_5y88.1.I_5cd81ad48fd6f99daff4ac8d.pdb
Q12309	Helix@_group36	[441, 442, 443, 444, 445, 446, 447, 448, 449]	9	[440, 441, 442, 443, 444, 445, 446, 447, 448, 449, 450, 451]	36_641_5y88.1.I_5cd81ad48fd6f99daff4ac8d.pdb
Q12309	Helix@_group37	[453, 454, 455, 456, 457, 458, 459, 460, 461, 462, 463, 464, 465, 466]	14	[450, 452, 453, 454, 455, 456, 457, 458, 459, 460, 461, 462, 463, 464, 465, 466, 467]	36_641_5y88.1.I_5cd81ad48fd6f99daff4ac8d.pdb
Q12309	Helix@_group38	[471, 472, 473, 474, 475, 476, 477, 478, 479, 480, 481, 482]	12	[470, 471, 472, 473, 474, 475, 476, 477, 478, 479, 480, 481, 482, 483, 488]	36_641_5y88.1.I_5cd81ad48fd6f99daff4ac8d.pdb
Q12309	Helix@_group39	[488, 489, 490, 491, 492, 493, 494, 495, 496, 497, 498, 499]	12	[478, 487, 488, 489, 490, 491, 492, 493, 494, 495, 496, 497, 498, 499, 500]	36_641_5y88.1.I_5cd81ad48fd6f99daff4ac8d.pdb
Q12309	Helix@_group40	[508, 509, 510, 511, 512, 513, 514, 515, 516, 517, 518, 519, 520]	13	[507, 508, 509, 510, 511, 512, 513, 514, 515, 516, 517, 518, 519, 520, 521, 522]	36_641_5y88.1.I_5cd81ad48fd6f99daff4ac8d.pdb
Q12309	Helix@_group41	[532, 533, 534, 535, 536, 537, 538, 539]	8	[530, 531, 532, 533, 534, 535, 536, 537, 538, 539, 540, 541, 542, 572, 576]	36_641_5y88.1.I_5cd81ad48fd6f99daff4ac8d.pdb
Q12309	Helix@_group42	[546, 547, 548, 549, 550, 551, 552, 553, 554, 555]	10	[545, 546, 547, 548, 549, 550, 551, 552, 553, 554, 555, 556]	36_641_5y88.1.I_5cd81ad48fd6f99daff4ac8d.pdb
Q12309	Turn@_group43	[111, 112, 113]	3	[110, 111, 112, 113, 114]	36_641_5y88.1.I_5cd81ad48fd6f99daff4ac8d.pdb
Q12309	Q12309+Q12417_interface@_group44	[20, 44, 45, 48, 49, 57, 64, 67, 70, 73, 77, 82, 104, 113, 123, 124, 150, 174, 178, 198, 200, 207, 211, 262, 290, 295, 318, 361, 362, 369, 400, 412, 424, 429, 441, 454, 455, 458, 476, 487]	40	[41, 43, 44, 45, 46, 47, 48, 49, 50, 56, 57, 58, 63, 64, 65, 66, 67, 68, 69, 70, 71, 72, 73, 74, 76, 77, 78, 81, 82, 83, 103, 104, 105, 110, 112, 113, 114, 122, 123, 124, 125, 149, 150, 151, 153, 171, 173, 174, 175, 177, 178, 179, 197, 198, 199, 200, 201, 203, 204, 206, 207, 208, 210, 211, 212, 261, 262, 263, 265, 289, 290, 291, 294, 295, 296, 317, 318, 319, 360, 361, 362, 363, 364, 366, 368, 369, 370, 372, 397, 399, 400, 401, 409, 411, 412, 413, 421, 423, 424, 425, 428, 429, 430, 432, 440, 441, 442, 452, 453, 454, 455, 456, 457, 458, 459, 475, 476, 477, 486, 487, 488]	36_641_5y88.1.I_5cd81ad48fd6f99daff4ac8d.pdb
Q12309	P11710+Q12309_interface@_group45	[20, 44, 45, 48, 49, 57, 64, 67, 70, 73, 77, 82, 104, 113, 123, 124, 150, 174, 178, 198, 200, 207, 211, 262, 290, 295, 318, 361, 362, 369, 400, 412, 424, 429, 441, 454, 455, 458, 476, 487]	40	[41, 43, 44, 45, 46, 47, 48, 49, 50, 56, 57, 58, 63, 64, 65, 66, 67, 68, 69, 70, 71, 72, 73, 74, 76, 77, 78, 81, 82, 83, 103, 104, 105, 110, 112, 113, 114, 122, 123, 124, 125, 149, 150, 151, 153, 171, 173, 174, 175, 177, 178, 179, 197, 198, 199, 200, 201, 203, 204, 206, 207, 208, 210, 211, 212, 261, 262, 263, 265, 289, 290, 291, 294, 295, 296, 317, 318, 319, 360, 361, 362, 363, 364, 366, 368, 369, 370, 372, 397, 399, 400, 401, 409, 411, 412, 413, 421, 423, 424, 425, 428, 429, 430, 432, 440, 441, 442, 452, 453, 454, 455, 456, 457, 458, 459, 475, 476, 477, 486, 487, 488]	36_641_5y88.1.I_5cd81ad48fd6f99daff4ac8d.pdb
Q12309	P21374+Q12309_interface@_group46	[20, 44, 45, 48, 49, 57, 64, 67, 70, 73, 77, 82, 104, 113, 123, 124, 150, 174, 178, 198, 200, 207, 211, 262, 290, 295, 318, 361, 362, 369, 400, 412, 424, 429, 441, 454, 455, 458, 476, 487]	40	[41, 43, 44, 45, 46, 47, 48, 49, 50, 56, 57, 58, 63, 64, 65, 66, 67, 68, 69, 70, 71, 72, 73, 74, 76, 77, 78, 81, 82, 83, 103, 104, 105, 110, 112, 113, 114, 122, 123, 124, 125, 149, 150, 151, 153, 171, 173, 174, 175, 177, 178, 179, 197, 198, 199, 200, 201, 203, 204, 206, 207, 208, 210, 211, 212, 261, 262, 263, 265, 289, 290, 291, 294, 295, 296, 317, 318, 319, 360, 361, 362, 363, 364, 366, 368, 369, 370, 372, 397, 399, 400, 401, 409, 411, 412, 413, 421, 423, 424, 425, 428, 429, 430, 432, 440, 441, 442, 452, 453, 454, 455, 456, 457, 458, 459, 475, 476, 477, 486, 487, 488]	36_641_5y88.1.I_5cd81ad48fd6f99daff4ac8d.pdb
Q12309	P24384+Q12309_interface@_group47	[20, 44, 45, 48, 49, 57, 64, 67, 70, 73, 77, 82, 104, 113, 123, 124, 150, 174, 178, 198, 200, 207, 211, 262, 290, 295, 318, 361, 362, 369, 400, 412, 424, 429, 441, 454, 455, 458, 476, 487]	40	[41, 43, 44, 45, 46, 47, 48, 49, 50, 56, 57, 58, 63, 64, 65, 66, 67, 68, 69, 70, 71, 72, 73, 74, 76, 77, 78, 81, 82, 83, 103, 104, 105, 110, 112, 113, 114, 122, 123, 124, 125, 149, 150, 151, 153, 171, 173, 174, 175, 177, 178, 179, 197, 198, 199, 200, 201, 203, 204, 206, 207, 208, 210, 211, 212, 261, 262, 263, 265, 289, 290, 291, 294, 295, 296, 317, 318, 319, 360, 361, 362, 363, 364, 366, 368, 369, 370, 372, 397, 399, 400, 401, 409, 411, 412, 413, 421, 423, 424, 425, 428, 429, 430, 432, 440, 441, 442, 452, 453, 454, 455, 456, 457, 458, 459, 475, 476, 477, 486, 487, 488]	36_641_5y88.1.I_5cd81ad48fd6f99daff4ac8d.pdb
Q12309	P34218+Q12309_interface@_group48	[20, 44, 45, 48, 49, 57, 64, 67, 70, 73, 77, 82, 104, 113, 123, 124, 150, 174, 178, 198, 200, 207, 211, 262, 290, 295, 318, 361, 362, 369, 400, 412, 424, 429, 441, 454, 455, 458, 476, 487]	40	[41, 43, 44, 45, 46, 47, 48, 49, 50, 56, 57, 58, 63, 64, 65, 66, 67, 68, 69, 70, 71, 72, 73, 74, 76, 77, 78, 81, 82, 83, 103, 104, 105, 110, 112, 113, 114, 122, 123, 124, 125, 149, 150, 151, 153, 171, 173, 174, 175, 177, 178, 179, 197, 198, 199, 200, 201, 203, 204, 206, 207, 208, 210, 211, 212, 261, 262, 263, 265, 289, 290, 291, 294, 295, 296, 317, 318, 319, 360, 361, 362, 363, 364, 366, 368, 369, 370, 372, 397, 399, 400, 401, 409, 411, 412, 413, 421, 423, 424, 425, 428, 429, 430, 432, 440, 441, 442, 452, 453, 454, 455, 456, 457, 458, 459, 475, 476, 477, 486, 487, 488]	36_641_5y88.1.I_5cd81ad48fd6f99daff4ac8d.pdb
Q12309	P36084+Q12309_interface@_group49	[20, 44, 45, 48, 49, 57, 64, 67, 70, 73, 77, 82, 104, 113, 123, 124, 150, 174, 178, 198, 200, 207, 211, 262, 290, 295, 318, 361, 362, 369, 400, 412, 424, 429, 441, 454, 455, 458, 476, 487]	40	[41, 43, 44, 45, 46, 47, 48, 49, 50, 56, 57, 58, 63, 64, 65, 66, 67, 68, 69, 70, 71, 72, 73, 74, 76, 77, 78, 81, 82, 83, 103, 104, 105, 110, 112, 113, 114, 122, 123, 124, 125, 149, 150, 151, 153, 171, 173, 174, 175, 177, 178, 179, 197, 198, 199, 200, 201, 203, 204, 206, 207, 208, 210, 211, 212, 261, 262, 263, 265, 289, 290, 291, 294, 295, 296, 317, 318, 319, 360, 361, 362, 363, 364, 366, 368, 369, 370, 372, 397, 399, 400, 401, 409, 411, 412, 413, 421, 423, 424, 425, 428, 429, 430, 432, 440, 441, 442, 452, 453, 454, 455, 456, 457, 458, 459, 475, 476, 477, 486, 487, 488]	36_641_5y88.1.I_5cd81ad48fd6f99daff4ac8d.pdb
Q12309	P38302+Q12309_interface@_group50	[20, 44, 45, 48, 49, 57, 64, 67, 70, 73, 77, 82, 104, 113, 123, 124, 150, 174, 178, 198, 200, 207, 211, 262, 290, 295, 318, 361, 362, 369, 400, 412, 424, 429, 441, 454, 455, 458, 476, 487]	40	[41, 43, 44, 45, 46, 47, 48, 49, 50, 56, 57, 58, 63, 64, 65, 66, 67, 68, 69, 70, 71, 72, 73, 74, 76, 77, 78, 81, 82, 83, 103, 104, 105, 110, 112, 113, 114, 122, 123, 124, 125, 149, 150, 151, 153, 171, 173, 174, 175, 177, 178, 179, 197, 198, 199, 200, 201, 203, 204, 206, 207, 208, 210, 211, 212, 261, 262, 263, 265, 289, 290, 291, 294, 295, 296, 317, 318, 319, 360, 361, 362, 363, 364, 366, 368, 369, 370, 372, 397, 399, 400, 401, 409, 411, 412, 413, 421, 423, 424, 425, 428, 429, 430, 432, 440, 441, 442, 452, 453, 454, 455, 456, 457, 458, 459, 475, 476, 477, 486, 487, 488]	36_641_5y88.1.I_5cd81ad48fd6f99daff4ac8d.pdb
Q12309	P38303+Q12309_interface@_group51	[20, 44, 45, 48, 49, 57, 64, 67, 70, 73, 77, 82, 104, 113, 123, 124, 150, 174, 178, 198, 200, 207, 211, 262, 290, 295, 318, 361, 362, 369, 400, 412, 424, 429, 441, 454, 455, 458, 476, 487]	40	[41, 43, 44, 45, 46, 47, 48, 49, 50, 56, 57, 58, 63, 64, 65, 66, 67, 68, 69, 70, 71, 72, 73, 74, 76, 77, 78, 81, 82, 83, 103, 104, 105, 110, 112, 113, 114, 122, 123, 124, 125, 149, 150, 151, 153, 171, 173, 174, 175, 177, 178, 179, 197, 198, 199, 200, 201, 203, 204, 206, 207, 208, 210, 211, 212, 261, 262, 263, 265, 289, 290, 291, 294, 295, 296, 317, 318, 319, 360, 361, 362, 363, 364, 366, 368, 369, 370, 372, 397, 399, 400, 401, 409, 411, 412, 413, 421, 423, 424, 425, 428, 429, 430, 432, 440, 441, 442, 452, 453, 454, 455, 456, 457, 458, 459, 475, 476, 477, 486, 487, 488]	36_641_5y88.1.I_5cd81ad48fd6f99daff4ac8d.pdb
Q12309	P38346+Q12309_interface@_group52	[20, 44, 45, 48, 49, 57, 64, 67, 70, 73, 77, 82, 104, 113, 123, 124, 150, 174, 178, 198, 200, 207, 211, 262, 290, 295, 318, 361, 362, 369, 400, 412, 424, 429, 441, 454, 455, 458, 476, 487]	40	[41, 43, 44, 45, 46, 47, 48, 49, 50, 56, 57, 58, 63, 64, 65, 66, 67, 68, 69, 70, 71, 72, 73, 74, 76, 77, 78, 81, 82, 83, 103, 104, 105, 110, 112, 113, 114, 122, 123, 124, 125, 149, 150, 151, 153, 171, 173, 174, 175, 177, 178, 179, 197, 198, 199, 200, 201, 203, 204, 206, 207, 208, 210, 211, 212, 261, 262, 263, 265, 289, 290, 291, 294, 295, 296, 317, 318, 319, 360, 361, 362, 363, 364, 366, 368, 369, 370, 372, 397, 399, 400, 401, 409, 411, 412, 413, 421, 423, 424, 425, 428, 429, 430, 432, 440, 441, 442, 452, 453, 454, 455, 456, 457, 458, 459, 475, 476, 477, 486, 487, 488]	36_641_5y88.1.I_5cd81ad48fd6f99daff4ac8d.pdb
Q12309	P53277+Q12309_interface@_group53	[20, 44, 45, 48, 49, 57, 64, 67, 70, 73, 77, 82, 104, 113, 123, 124, 150, 174, 178, 198, 200, 207, 211, 262, 290, 295, 318, 361, 362, 369, 400, 412, 424, 429, 441, 454, 455, 458, 476, 487]	40	[41, 43, 44, 45, 46, 47, 48, 49, 50, 56, 57, 58, 63, 64, 65, 66, 67, 68, 69, 70, 71, 72, 73, 74, 76, 77, 78, 81, 82, 83, 103, 104, 105, 110, 112, 113, 114, 122, 123, 124, 125, 149, 150, 151, 153, 171, 173, 174, 175, 177, 178, 179, 197, 198, 199, 200, 201, 203, 204, 206, 207, 208, 210, 211, 212, 261, 262, 263, 265, 289, 290, 291, 294, 295, 296, 317, 318, 319, 360, 361, 362, 363, 364, 366, 368, 369, 370, 372, 397, 399, 400, 401, 409, 411, 412, 413, 421, 423, 424, 425, 428, 429, 430, 432, 440, 441, 442, 452, 453, 454, 455, 456, 457, 458, 459, 475, 476, 477, 486, 487, 488]	36_641_5y88.1.I_5cd81ad48fd6f99daff4ac8d.pdb
Q12309	Q03654+Q12309_interface@_group54	[20, 44, 45, 48, 49, 57, 64, 67, 70, 73, 77, 82, 104, 113, 123, 124, 150, 174, 178, 198, 200, 207, 211, 262, 290, 295, 318, 361, 362, 369, 400, 412, 424, 429, 441, 454, 455, 458, 476, 487]	40	[41, 43, 44, 45, 46, 47, 48, 49, 50, 56, 57, 58, 63, 64, 65, 66, 67, 68, 69, 70, 71, 72, 73, 74, 76, 77, 78, 81, 82, 83, 103, 104, 105, 110, 112, 113, 114, 122, 123, 124, 125, 149, 150, 151, 153, 171, 173, 174, 175, 177, 178, 179, 197, 198, 199, 200, 201, 203, 204, 206, 207, 208, 210, 211, 212, 261, 262, 263, 265, 289, 290, 291, 294, 295, 296, 317, 318, 319, 360, 361, 362, 363, 364, 366, 368, 369, 370, 372, 397, 399, 400, 401, 409, 411, 412, 413, 421, 423, 424, 425, 428, 429, 430, 432, 440, 441, 442, 452, 453, 454, 455, 456, 457, 458, 459, 475, 476, 477, 486, 487, 488]	36_641_5y88.1.I_5cd81ad48fd6f99daff4ac8d.pdb
Q12309	Q04048+Q12309_interface@_group55	[20, 44, 45, 48, 49, 57, 64, 67, 70, 73, 77, 82, 104, 113, 123, 124, 150, 174, 178, 198, 200, 207, 211, 262, 290, 295, 318, 361, 362, 369, 400, 412, 424, 429, 441, 454, 455, 458, 476, 487]	40	[41, 43, 44, 45, 46, 47, 48, 49, 50, 56, 57, 58, 63, 64, 65, 66, 67, 68, 69, 70, 71, 72, 73, 74, 76, 77, 78, 81, 82, 83, 103, 104, 105, 110, 112, 113, 114, 122, 123, 124, 125, 149, 150, 151, 153, 171, 173, 174, 175, 177, 178, 179, 197, 198, 199, 200, 201, 203, 204, 206, 207, 208, 210, 211, 212, 261, 262, 263, 265, 289, 290, 291, 294, 295, 296, 317, 318, 319, 360, 361, 362, 363, 364, 366, 368, 369, 370, 372, 397, 399, 400, 401, 409, 411, 412, 413, 421, 423, 424, 425, 428, 429, 430, 432, 440, 441, 442, 452, 453, 454, 455, 456, 457, 458, 459, 475, 476, 477, 486, 487, 488]	36_641_5y88.1.I_5cd81ad48fd6f99daff4ac8d.pdb
Q12309	Q12262+Q12309_interface@_group56	[20, 44, 45, 48, 49, 57, 64, 67, 70, 73, 77, 82, 104, 113, 123, 124, 150, 174, 178, 198, 200, 207, 211, 262, 290, 295, 318, 361, 362, 369, 400, 412, 424, 429, 441, 454, 455, 458, 476, 487]	40	[41, 43, 44, 45, 46, 47, 48, 49, 50, 56, 57, 58, 63, 64, 65, 66, 67, 68, 69, 70, 71, 72, 73, 74, 76, 77, 78, 81, 82, 83, 103, 104, 105, 110, 112, 113, 114, 122, 123, 124, 125, 149, 150, 151, 153, 171, 173, 174, 175, 177, 178, 179, 197, 198, 199, 200, 201, 203, 204, 206, 207, 208, 210, 211, 212, 261, 262, 263, 265, 289, 290, 291, 294, 295, 296, 317, 318, 319, 360, 361, 362, 363, 364, 366, 368, 369, 370, 372, 397, 399, 400, 401, 409, 411, 412, 413, 421, 423, 424, 425, 428, 429, 430, 432, 440, 441, 442, 452, 453, 454, 455, 456, 457, 458, 459, 475, 476, 477, 486, 487, 488]	36_641_5y88.1.I_5cd81ad48fd6f99daff4ac8d.pdb
