P22203	Mutagenesis@_group0	[2]	1	[424, 426, 427, 428, 443, 444, 445]	7_223_5voz.1.G_5cd6a666a03a1b42e0426724.pdb
P22203	Mutagenesis@_group1	[6]	1	[424, 426, 427, 428, 443, 444, 445]	7_223_5voz.1.G_5cd6a666a03a1b42e0426724.pdb
P22203	Mutagenesis@_group2	[9]	1	[8, 9, 10]	7_223_5voz.1.G_5cd6a666a03a1b42e0426724.pdb
P22203	Mutagenesis@_group3	[78]	1	[77, 78, 79]	7_223_5voz.1.G_5cd6a666a03a1b42e0426724.pdb
P22203	Mutagenesis@_group4	[145]	1	[144, 145, 146]	7_223_5voz.1.G_5cd6a666a03a1b42e0426724.pdb
P22203	Mutagenesis@_group5	[160]	1	[159, 160, 161]	7_223_5voz.1.G_5cd6a666a03a1b42e0426724.pdb
P22203	Mutagenesis@_group6	[202]	1	[187, 201, 202, 203]	7_223_5voz.1.G_5cd6a666a03a1b42e0426724.pdb
P22203	Mutagenesis@_group7	[230]	1	[187, 201, 202, 203]	7_223_5voz.1.G_5cd6a666a03a1b42e0426724.pdb
P22203	Mutagenesis@_group8	[233]	1	[187, 201, 202, 203]	7_223_5voz.1.G_5cd6a666a03a1b42e0426724.pdb
P22203	Modified residue@_group9	[2]	1	[187, 201, 202, 203]	7_223_5voz.1.G_5cd6a666a03a1b42e0426724.pdb
P22203	Coiled coil@_group10	[15, 16, 17, 18, 19, 20, 21, 22, 23, 24, 25, 26, 27, 28, 29, 30, 31, 32, 33, 34, 35, 36, 37, 38, 39, 40, 41, 42, 43, 44, 45]	31	[14, 15, 16, 17, 18, 19, 20, 21, 22, 23, 24, 25, 26, 27, 28, 29, 30, 31, 32, 33, 34, 35, 36, 37, 38, 39, 40, 41, 42, 43, 44, 45, 46]	7_223_5voz.1.G_5cd6a666a03a1b42e0426724.pdb
P22203	Region@_group11	[8, 9, 10, 11, 12, 13, 14, 15, 16, 17, 18, 19, 20]	13	[7, 8, 9, 10, 11, 12, 13, 14, 15, 16, 17, 18, 19, 20, 21]	7_223_5voz.1.G_5cd6a666a03a1b42e0426724.pdb
P22203	Region@_group12	[19, 20, 21, 22, 23, 24, 25, 26, 27, 28, 29, 30, 31, 32, 33, 34, 35, 36, 37, 38]	20	[16, 18, 19, 20, 21, 22, 23, 24, 25, 26, 27, 28, 29, 30, 31, 32, 33, 34, 35, 36, 37, 38, 39, 41]	7_223_5voz.1.G_5cd6a666a03a1b42e0426724.pdb
P22203	Beta strand@_group13	[135, 136, 137, 138, 139, 140, 141]	7	[134, 135, 136, 137, 138, 139, 140, 141, 142, 169, 173, 190, 192]	7_223_5voz.1.G_5cd6a666a03a1b42e0426724.pdb
P22203	Beta strand@_group14	[171, 172, 173, 174]	4	[138, 170, 171, 172, 173, 174, 175]	7_223_5voz.1.G_5cd6a666a03a1b42e0426724.pdb
P22203	Beta strand@_group15	[185, 186, 187, 188, 189, 190, 191]	7	[108, 139, 184, 185, 186, 187, 188, 189, 190, 191, 192, 202]	7_223_5voz.1.G_5cd6a666a03a1b42e0426724.pdb
P22203	Beta strand@_group16	[198, 199, 200, 201, 202]	5	[187, 197, 198, 199, 200, 201, 202, 203]	7_223_5voz.1.G_5cd6a666a03a1b42e0426724.pdb
P22203	Helix@_group17	[10, 11, 12, 13, 14, 15, 16, 17, 18, 19, 20, 21, 22, 23, 24, 25, 26, 27, 28, 29, 30, 31, 32, 33, 34, 35, 36, 37, 38, 39, 40, 41, 42, 43, 44, 45, 46, 47, 48, 49, 50, 51, 52, 53, 54, 55, 56, 57, 58, 59, 60, 61, 62, 63, 64, 65, 66, 67, 68, 69, 70, 71, 72, 73, 74, 75, 76, 77, 78, 79, 80, 81, 82, 83, 84, 85, 86, 87, 88, 89, 90, 91, 92, 93, 94, 95, 96, 97, 98, 99, 100, 101, 102, 103, 104, 105, 106, 107, 108, 109, 110, 111]	102	[10, 11, 12, 13, 14, 15, 16, 17, 18, 19, 20, 21, 22, 23, 24, 25, 26, 27, 28, 29, 30, 31, 32, 33, 34, 35, 36, 37, 38, 39, 40, 41, 42, 43, 44, 45, 46, 47, 48, 49, 50, 51, 52, 53, 54, 55, 56, 57, 58, 59, 60, 61, 62, 63, 64, 65, 66, 67, 68, 69, 70, 71, 72, 73, 74, 75, 76, 77, 78, 79, 80, 81, 82, 83, 84, 85, 86, 87, 88, 89, 90, 91, 92, 93, 94, 95, 96, 97, 98, 99, 100, 101, 102, 103, 104, 105, 106, 107, 108, 109, 110, 111]	7_223_5voz.1.G_5cd6a666a03a1b42e0426724.pdb
P22203	Helix@_group18	[114, 115, 116, 117, 118, 119, 120, 121, 122, 123, 124, 125, 126, 127, 128, 129, 130, 131, 132]	19	[113, 114, 115, 116, 117, 118, 119, 120, 121, 122, 123, 124, 125, 126, 127, 128, 129, 130, 131, 132, 133]	7_223_5voz.1.G_5cd6a666a03a1b42e0426724.pdb
P22203	Helix@_group19	[146, 147, 148, 149]	4	[145, 146, 147, 148, 149, 150, 151]	7_223_5voz.1.G_5cd6a666a03a1b42e0426724.pdb
P22203	Helix@_group20	[153, 154, 155, 156, 157, 158, 159, 160, 161, 162, 163]	11	[152, 153, 154, 155, 156, 157, 158, 159, 160, 161, 162, 163, 164]	7_223_5voz.1.G_5cd6a666a03a1b42e0426724.pdb
P22203	Helix@_group21	[203, 204, 205, 206, 207, 208, 209, 210, 211, 212, 213, 214, 215, 216, 217, 218, 219, 220, 221, 222]	20	[202, 203, 204, 205, 206, 207, 208, 209, 210, 211, 212, 213, 214, 215, 216, 217, 218, 219, 220, 221, 222, 223]	7_223_5voz.1.G_5cd6a666a03a1b42e0426724.pdb
P22203	Turn@_group22	[143, 144, 145]	3	[142, 143, 144, 145, 146]	7_223_5voz.1.G_5cd6a666a03a1b42e0426724.pdb
P22203	Turn@_group23	[164, 165, 166]	3	[163, 164, 165, 166, 167]	7_223_5voz.1.G_5cd6a666a03a1b42e0426724.pdb
P22203	Turn@_group24	[181, 182, 183]	3	[180, 181, 182, 183, 184]	7_223_5voz.1.G_5cd6a666a03a1b42e0426724.pdb
P22203	P22203+P48836_interface@_group25	[3, 4, 17, 20, 21, 24, 25, 28, 29, 31, 32, 35, 36, 39, 40, 42, 43, 46, 47, 50, 51, 54, 55, 58, 59, 61, 62, 65, 66, 69, 70, 73, 80, 84, 87, 88, 91, 92, 95, 98, 99, 100, 102, 103, 106, 107, 110, 116, 120, 123, 127, 206, 210, 214, 218, 221, 222, 223]	58	[14, 16, 17, 18, 19, 20, 21, 22, 23, 24, 25, 26, 27, 28, 29, 30, 31, 32, 33, 34, 35, 36, 37, 38, 39, 40, 41, 42, 43, 44, 45, 46, 47, 48, 49, 50, 51, 52, 53, 54, 55, 56, 57, 58, 59, 60, 61, 62, 63, 64, 65, 66, 67, 68, 69, 70, 71, 72, 73, 74, 77, 79, 80, 81, 83, 84, 85, 86, 87, 88, 89, 90, 91, 92, 93, 94, 95, 96, 97, 98, 99, 100, 101, 102, 103, 104, 105, 106, 107, 108, 109, 110, 111, 115, 116, 117, 119, 120, 121, 122, 123, 124, 126, 127, 128, 205, 206, 207, 209, 210, 211, 213, 214, 215, 217, 218, 219, 220, 221, 222, 223]	7_223_5voz.1.G_5cd6a666a03a1b42e0426724.pdb
P22203	P22203+P31412_interface@_group26	[4, 5, 6, 7, 8, 13, 16, 17, 20, 23, 24, 27, 31]	13	[7, 8, 9, 12, 13, 14, 15, 16, 17, 18, 19, 20, 21, 22, 23, 24, 25, 26, 27, 28, 30, 31, 32, 34]	7_223_5voz.1.G_5cd6a666a03a1b42e0426724.pdb
P22203	P22203+P32366_interface@_group27	[5, 11, 12, 13, 15, 16, 17, 18, 19, 20, 21, 22, 23, 24, 25, 26, 27, 28, 29, 30, 31, 32, 33, 34, 35, 36, 37, 38, 39, 40, 41, 42, 43, 44, 45, 46, 47, 48, 49, 50, 51, 52, 53, 54, 57, 58, 59, 62, 63, 64, 65, 66, 67, 68, 69, 70, 71, 72, 73, 74, 75, 76, 77, 78, 79, 80, 81, 82, 83, 84, 85, 86, 87, 88, 89, 92, 182, 183, 196, 197, 198, 206, 209, 210, 216, 218, 219, 220, 221, 222, 223, 224]	92	[10, 11, 12, 13, 14, 15, 16, 17, 18, 19, 20, 21, 22, 23, 24, 25, 26, 27, 28, 29, 30, 31, 32, 33, 34, 35, 36, 37, 38, 39, 40, 41, 42, 43, 44, 45, 46, 47, 48, 49, 50, 51, 52, 53, 54, 55, 56, 57, 58, 59, 60, 61, 62, 63, 64, 65, 66, 67, 68, 69, 70, 71, 72, 73, 74, 75, 76, 77, 78, 79, 80, 81, 82, 83, 84, 85, 86, 87, 88, 89, 90, 91, 92, 93, 181, 182, 183, 184, 195, 196, 197, 198, 199, 205, 206, 207, 208, 209, 210, 211, 215, 216, 217, 218, 219, 220, 221, 222, 223]	7_223_5voz.1.G_5cd6a666a03a1b42e0426724.pdb
P22203	P22203+P41807_interface@_group28	[12, 13, 16, 17, 19, 20, 21, 22, 23, 24, 25, 26, 27, 28, 29, 30, 31, 32, 33, 34, 35, 36, 37, 38, 39, 40, 41, 42, 43, 44, 45, 46, 47, 48, 49, 50, 51, 52, 53, 54, 57, 58, 59, 62, 63, 64, 65, 66, 67, 68, 69, 70, 71, 72, 73, 74, 75, 76, 77, 78, 79, 80, 81, 82, 83, 84, 85, 86, 87, 88, 89, 92, 131, 183, 196, 197, 198, 200, 206, 209, 210, 216, 217, 219, 220, 221, 222, 223, 224]	89	[11, 12, 13, 14, 15, 16, 17, 18, 19, 20, 21, 22, 23, 24, 25, 26, 27, 28, 29, 30, 31, 32, 33, 34, 35, 36, 37, 38, 39, 40, 41, 42, 43, 44, 45, 46, 47, 48, 49, 50, 51, 52, 53, 54, 55, 56, 57, 58, 59, 60, 61, 62, 63, 64, 65, 66, 67, 68, 69, 70, 71, 72, 73, 74, 75, 76, 77, 78, 79, 80, 81, 82, 83, 84, 85, 86, 87, 88, 89, 90, 91, 92, 93, 130, 131, 132, 182, 183, 184, 195, 196, 197, 198, 199, 200, 201, 205, 206, 207, 208, 209, 210, 211, 215, 216, 217, 218, 219, 220, 221, 222, 223]	7_223_5voz.1.G_5cd6a666a03a1b42e0426724.pdb
P22203	P22203+P47104_interface@_group29	[7, 8, 9, 10, 11, 12, 13, 14, 16, 17, 18, 19, 20, 21, 22, 23, 24, 25, 26, 27, 28, 29, 30, 31, 32, 33, 34, 35, 36, 37, 38, 39, 40, 41, 42, 43, 44, 45, 46, 47, 48, 49, 50, 51, 52, 53, 54, 55, 56, 57, 58, 59, 61, 62, 63, 64, 65, 66, 67, 68, 69, 70, 71, 72, 73, 74, 75, 76, 77, 78, 79, 80, 81, 82, 83, 84, 85, 86, 87, 88, 89, 90, 91, 92, 93, 94, 95, 99, 101, 116, 120, 127, 130, 131, 133, 135, 143, 147, 153, 158, 162, 165, 181, 182, 183, 194, 195, 196, 197, 198, 200, 205, 206, 208, 209, 210, 215, 216, 217, 218, 219, 220, 221, 222, 223]	125	[7, 8, 9, 10, 11, 12, 13, 14, 16, 17, 18, 19, 20, 21, 22, 23, 24, 25, 26, 27, 28, 29, 30, 31, 32, 33, 34, 35, 36, 37, 38, 39, 40, 41, 42, 43, 44, 45, 46, 47, 48, 49, 50, 51, 52, 53, 54, 55, 56, 57, 58, 59, 61, 62, 63, 64, 65, 66, 67, 68, 69, 70, 71, 72, 73, 74, 75, 76, 77, 78, 79, 80, 81, 82, 83, 84, 85, 86, 87, 88, 89, 90, 91, 92, 93, 94, 95, 99, 101, 116, 120, 127, 130, 131, 133, 135, 143, 147, 153, 158, 162, 165, 181, 182, 183, 194, 195, 196, 197, 198, 200, 205, 206, 208, 209, 210, 215, 216, 217, 218, 219, 220, 221, 222, 223]	7_223_5voz.1.G_5cd6a666a03a1b42e0426724.pdb
P22203	P22203+Q12306_interface@_group30	[6, 7, 8, 9, 12, 13, 15, 16, 17, 18, 19, 20, 21, 22, 23, 24, 25, 26, 27, 28, 29, 30, 31, 32, 33, 34, 35, 36, 37, 38, 39, 40, 41, 42, 43, 44, 45, 46, 47, 48, 49, 50, 51, 52, 53, 54, 55, 57, 58, 59, 62, 63, 64, 65, 66, 67, 68, 69, 70, 71, 72, 73, 74, 75, 76, 77, 78, 79, 80, 81, 82, 83, 84, 85, 86, 87, 88, 89, 91, 92, 183, 196, 197, 198, 199, 200, 205, 206, 208, 209, 210, 216, 218, 219, 220, 221, 222, 223, 224]	99	[7, 8, 9, 10, 11, 12, 13, 14, 15, 16, 17, 18, 19, 20, 21, 22, 23, 24, 25, 26, 27, 28, 29, 30, 31, 32, 33, 34, 35, 36, 37, 38, 39, 40, 41, 42, 43, 44, 45, 46, 47, 48, 49, 50, 51, 52, 53, 54, 55, 56, 57, 58, 59, 60, 61, 62, 63, 64, 65, 66, 67, 68, 69, 70, 71, 72, 73, 74, 75, 76, 77, 78, 79, 80, 81, 82, 83, 84, 85, 86, 87, 88, 89, 90, 91, 92, 93, 94, 182, 183, 184, 195, 196, 197, 198, 199, 200, 201, 204, 205, 206, 207, 208, 209, 210, 211, 215, 216, 217, 218, 219, 220, 221, 222, 223]	7_223_5voz.1.G_5cd6a666a03a1b42e0426724.pdb
P22203	P02829+P22203_interface@_group31	[6, 7, 8, 9, 10, 11, 12, 13, 14, 15, 16, 17, 18, 19, 20, 21, 22, 23, 24, 25, 26, 27, 28, 29, 30, 31, 32, 33, 34, 35, 36, 37, 38, 39, 40, 41, 42, 43, 44, 45, 46, 47, 48, 49, 50, 51, 52, 53, 54, 55, 56, 57, 58, 59, 60, 61, 62, 63, 64, 65, 66, 67, 68, 69, 70, 71, 72, 73, 74, 75, 76, 77, 78, 79, 80, 81, 82, 83, 84, 85, 86, 87, 88, 89, 90, 91, 92, 93, 94, 95, 97, 98, 99, 100, 114, 115, 120, 123, 127, 130, 131, 133, 134, 158, 162, 165, 170, 171, 178, 181, 182, 183, 193, 194, 195, 196, 197, 198, 200, 204, 205, 206, 208, 209, 210, 212, 213, 215, 216, 217, 218, 219, 220, 221, 222, 223]	136	[7, 8, 9, 10, 11, 12, 13, 14, 15, 16, 17, 18, 19, 20, 21, 22, 23, 24, 25, 26, 27, 28, 29, 30, 31, 32, 33, 34, 35, 36, 37, 38, 39, 40, 41, 42, 43, 44, 45, 46, 47, 48, 49, 50, 51, 52, 53, 54, 55, 56, 57, 58, 59, 60, 61, 62, 63, 64, 65, 66, 67, 68, 69, 70, 71, 72, 73, 74, 75, 76, 77, 78, 79, 80, 81, 82, 83, 84, 85, 86, 87, 88, 89, 90, 91, 92, 93, 94, 95, 97, 98, 99, 100, 114, 115, 120, 123, 127, 130, 131, 133, 134, 158, 162, 165, 170, 171, 178, 181, 182, 183, 193, 194, 195, 196, 197, 198, 200, 204, 205, 206, 208, 209, 210, 212, 213, 215, 216, 217, 218, 219, 220, 221, 222, 223]	7_223_5voz.1.G_5cd6a666a03a1b42e0426724.pdb
